<?xml version="1.0"?>
<opencv_storage>
<l_eyebrow>
  <num>5</num>
  <points>
    <_>
      -3.4372001647949219e+001 1.7938999176025391e+001
      -3.7275001525878906e+001</_>
    <_>
      -2.7665000915527344e+001 2.0384000778198242e+001
      -4.2983001708984375e+001</_>
    <_>
      -2.0997999191284180e+001 2.0118000030517578e+001
      -4.5833000183105469e+001</_>
    <_>
      -1.5800999641418457e+001 1.9160999298095703e+001
      -4.7490001678466797e+001</_>
    <_>
      -1.0430999755859375e+001 1.8363000869750977e+001
      -4.7895000457763672e+001</_></points>
  <indexes>
    18 19 20 21 22</indexes></l_eyebrow>
<r_eyebrow>
  <num>5</num>
  <points>
    <_>
      7.8520002365112305e+000 2.3125999450683594e+001
      -4.8317001342773438e+001</_>
    <_>
      1.4685000419616699e+001 2.4937999725341797e+001
      -4.7020999908447266e+001</_>
    <_>
      2.0701000213623047e+001 2.5042999267578125e+001
      -4.4099998474121094e+001</_>
    <_>
      2.8229000091552734e+001 2.3926000595092773e+001
      -3.9313999176025391e+001</_>
    <_>
      3.5514999389648438e+001 2.0760000228881836e+001
      -3.2312999725341797e+001</_></points>
  <indexes>
    23 24 25 26 27</indexes></r_eyebrow>
<l_eyecorner>
  <num>2</num>
  <points>
    <_>
      -2.6625999450683594e+001 9.7019996643066406e+000
      -3.5919998168945313e+001</_>
    <_>
      -1.2043999671936035e+001 9.2600002288818359e+000
      -3.6347999572753906e+001</_></points>
  <indexes>
    37 40</indexes></l_eyecorner>
<r_eyecorner>
  <num>2</num>
  <points>
    <_>
      1.0805000305175781e+001 9.6770000457763672e+000
      -3.5078998565673828e+001</_>
    <_>
      2.6392999649047852e+001 1.0548000335693359e+001
      -3.4036998748779297e+001</_></points>
  <indexes>
    43 46</indexes></r_eyecorner>
<nose_bone>
  <num>4</num>
  <points>
    <_>
      8.0900001525878906e-001 9.4879999160766602e+000
      -4.8266998291015625e+001</_>
    <_>
      9.2500001192092896e-001 4.9930000305175781e+000
      -5.2020999908447266e+001</_>
    <_>
      8.5000002384185791e-001 -1.1640000343322754e+000
      -5.6456001281738281e+001</_>
    <_>
      -7.8000001609325409e-002 -1.3010999679565430e+001
      -6.2752998352050781e+001</_></points>
  <indexes>
    28 29 30 31</indexes></nose_bone>
<nose>
  <num>5</num>
  <points>
    <_>
      -8.2069997787475586e+000 -1.5788999557495117e+001
      -4.9175998687744141e+001</_>
    <_>
      -3.9749999046325684e+000 -1.7525999069213867e+001
      -5.0057998657226562e+001</_>
    <_>
      -2.7000000700354576e-002 -1.8724000930786133e+001
      -5.3009998321533203e+001</_>
    <_>
      2.0510001182556152e+000 -1.7900999069213867e+001
      -5.2195999145507813e+001</_>
    <_>
      6.0240001678466797e+000 -1.7100999832153320e+001
      -4.9955001831054687e+001</_></points>
  <indexes>
    32 33 34 35 36</indexes></nose>
</opencv_storage>
